254
254
254
254
254
254
254
254
254
254
254
254
254
254
254
254
254
254
254
254
254
254
254
254
254
254
254
254
254
254
254
254
254
254
254
254
254
254
254
254
254
254
254
254
254
254
254
254
254
254
254
254
254
254
254
254
254
254
254
254
254
254
254
254
254
254
254
254
254
254
254
254
254
254
254
254
254
254
254
254
254
254
254
254
254
254
254
254
254
254
254
254
254
254
254
254
254
254
254
254
254
254
254
254
254
254
254
254
254
254
254
254
254
254
254
254
254
254
254
254
254
254
254
254
254
254
254
254
254
254
254
254
254
254
254
254
254
254
254
254
254
254
254
254
254
254
254
254
254
254
254
254
254
254
254
254
254
254
254
254
254
254
254
254
254
253
254
254
254
254
254
254
254
254
254
254
254
254
254
254
254
254
254
254
254
254
254
254
254
254
254
254
254
254
254
254
254
254
254
254
254
254
254
254
254
254
254
254
254
254
254
254
254
254
254
254
254
254
254
254
254
254
254
254
254
254
254
254
254
254
254
254
254
254
254
254
254
254
254
254
254
254
254
254
254
254
254
254
254
254
254
254
254
254
254
254
254
254
254
254
254
254
254
254
254
254
254
254
254
254
254
254
254
254
254
254
254
254
254
254
254
254
254
254
254
254
254
254
254
254
254
254
254
254
254
254
254
254
254
254
254
254
254
254
254
254
254
254
254
254
254
254
254
254
254
254
254
254
254
254
254
254
254
254
254
254
254
254
254
254
254
254
254
254
254
254
254
254
254
254
254
254
254
254
254
254
254
254
254
254
254
254
254
254
254
254
254
254
254
254
254
254
254
254
254
254
254
254
254
254
254
254
254
254
254
254
254
254
254
254
254
254
254
254
254
254
254
254
254
254
254
254
254
254
254
254
254
254
254
254
254
254
254
254
254
254
254
254
254
254
254
254
254
254
254
254
254
254
254
254
254
254
254
254
254
254
254
254
254
254
254
254
254
254
254
254
254
254
254
254
254
254
254
254
254
254
254
254
254
254
254
254
254
254
254
254
254
254
254
254
254
254
254
254
254
254
254
254
254
254
254
254
254
254
254
254
254
254
254
254
254
254
254
254
254
254
254
254
254
254
254
254
254
254
254
254
254
254
254
254
254
254
254
254
254
254
254
254
254
254
254
254
254
254
254
254
254
254
254
254
254
254
254
254
254
254
254
254
254
254
254
254
254
254
254
254
254
254
254
254
254
254
254
254
254
254
254
254
254
254
254
254
254
254
254
254
254
254
254
254
254
254
254
254
254
254
254
254
254
254
254
254
254
254
254
254
254
254
254
254
254
254
254
254
254
254
254
254
254
254
254
254
254
254
254
254
254
254
254
254
254
254
254
254
254
254
254
254
254
254
254
254
254
254
254
254
254
254
254
254
254
254
254
254
254
254
254
254
254
254
254
254
254
254
254
254
254
254
254
254
254
254
254
254
254
254
254
254
254
254
254
254
254
254
254
254
254
254
254
254
254
254
254
254
254
254
254
254
254
254
254
254
254
254
254
254
254
254
254
254
254
254
254
254
254
254
254
254
254
254
254
254
254
254
254
254
254
254
254
254
254
254
254
254
254
254
254
254
254
254
254
254
254
254
254
254
254
254
254
254
254
254
254
254
254
254
254
254
254
254
254
254
254
254
254
254
254
254
254
254
254
254
254
254
254
254
254
254
254
254
254
254
254
254
254
254
254
254
254
254
254
254
254
254
254
254
254
254
254
254
254
254
254
254
254
254
254
254
254
254
254
254
254
254
254
254
254
254
254
254
254
254
254
254
254
254
254
254
254
254
254
254
254
254
254
254
254
254
254
254
254
254
254
254
254
254
254
254
254
254
254
254
254
254
254
254
254
254
254
254
254
254
254
254
254
254
254
254
254
254
254
254
254
254
254
254
254
254
254
254
254
254
254
254
254
254
254
254
254
254
254
254
254
254
254
254
254
254
254
254
254
254
254
254
254
254
254
254
254
254
254
254
254
254
254
254
254
254
254
254
254
254
254
254
254
254
254
254
254
254
254
254
254
254
254
254
254
254
254
254
254
254
254
254
254
254
254
254
254
254
254
254
254
254
254
254
254
254
254
254
254
254
254
254
254
254
254
254
254
254
254
254
254
254
254
254
254
254
254
254
254
254
254
254
254
254
254
254
254
254
254
254
254
254
254
254
254
254
254
254
254
254
254
254
254
254
254
254
254
254
254
254
254
254
254
254
254
254
254
254
254
254
254
254
254
254
254
254
254
254
254
254
254
254
254
254
254
254
254
254
254
254
254
254
254
254
254
254
254
254
254
254
254
254
254
254
254
254
254
254
254
254
254
254
254
254
254
254
254
254
254
254
254
253
253
253
254
254
254
254
254
254
254
254
254
254
254
254
254
254
254
254
254
254
254
254
254
254
254
254
254
254
254
254
254
254
254
254
254
254
254
254
254
254
254
254
254
254
254
254
254
254
254
254
254
254
254
254
254
254
254
254
254
254
254
254
254
254
254
254
254
254
254
254
254
254
254
254
254
254
254
254
254
254
254
254
254
254
254
254
254
254
254
254
254
254
254
254
254
254
254
253
253
252
250
250
252
253
253
253
253
254
254
254
254
254
254
254
254
254
254
254
254
254
254
254
254
254
254
254
254
254
254
254
254
254
254
254
254
254
254
254
254
254
254
254
254
254
254
254
254
254
254
254
254
254
254
254
254
254
254
254
254
254
254
254
254
254
254
254
254
254
254
254
254
254
254
254
254
254
254
254
254
254
254
254
254
254
254
254
254
254
254
254
254
254
254
254
254
254
254
253
252
249
244
244
249
252
253
253
253
253
254
254
254
254
254
254
254
254
254
254
254
254
254
254
254
254
254
254
254
254
254
254
254
254
254
254
254
254
254
254
254
254
254
254
254
254
254
254
254
254
254
254
254
254
254
254
254
254
254
254
254
254
254
254
254
254
254
254
254
254
254
254
254
254
254
254
254
254
254
254
254
254
254
254
254
254
254
254
254
254
254
254
254
254
254
254
253
245
230
223
223
218
210
212
224
227
222
221
224
225
226
233
246
253
254
254
254
254
254
254
254
254
254
254
254
254
254
254
254
254
254
254
254
254
254
254
254
254
254
254
254
254
254
254
254
254
254
254
254
254
254
254
254
254
254
254
254
254
254
254
254
254
254
254
254
254
254
254
254
254
254
254
254
254
254
254
254
254
254
254
254
254
254
254
254
254
254
254
254
254
254
254
254
254
254
253
250
227
184
164
166
161
149
154
175
178
160
156
165
169
170
190
231
252
253
253
254
254
254
254
254
254
254
254
254
254
254
254
254
254
254
254
254
254
254
254
254
254
254
254
254
254
254
254
254
254
254
254
254
254
254
254
254
254
254
254
254
254
254
254
254
254
254
254
254
254
254
254
254
254
254
254
254
254
254
254
254
254
254
254
254
254
254
254
254
254
254
254
254
254
254
254
253
251
248
242
232
201
150
127
133
135
132
140
160
160
140
132
138
140
138
159
203
228
234
234
230
233
246
253
253
254
254
254
254
254
254
254
254
254
254
254
254
254
254
254
254
254
254
254
254
254
254
254
254
254
254
254
254
254
254
254
254
254
254
254
254
254
254
254
254
254
254
254
254
254
254
254
254
254
254
254
254
254
254
254
254
254
254
254
254
254
254
254
254
254
254
254
254
254
253
253
252
247
238
221
197
166
126
112
123
139
159
171
177
173
159
150
144
137
130
138
161
181
196
197
182
193
231
251
252
253
254
254
254
254
254
254
254
254
254
254
254
254
254
254
254
254
254
254
254
254
254
254
254
254
254
254
254
254
254
254
254
254
254
254
254
254
254
254
254
254
254
254
254
254
254
254
254
254
254
254
254
254
254
254
254
254
254
254
254
254
254
254
254
254
254
253
253
247
236
227
220
212
201
180
149
121
94
95
122
148
173
183
179
174
168
159
145
136
131
135
146
160
179
181
166
179
217
234
230
235
247
254
254
254
254
254
254
254
254
254
254
254
254
254
254
254
254
254
254
254
254
254
254
254
254
254
254
254
254
254
254
254
254
254
254
254
254
254
254
254
254
254
254
254
254
254
254
254
254
254
254
254
254
254
254
254
254
254
254
254
254
254
254
254
254
253
251
234
202
177
159
146
138
119
88
66
54
75
131
164
173
173
164
162
166
160
142
136
141
148
156
167
181
187
184
190
204
204
188
199
235
253
254
254
254
254
254
254
254
254
254
254
254
254
254
254
254
254
254
254
254
254
254
254
254
254
254
254
254
254
254
254
254
254
254
254
254
254
254
254
254
254
254
254
254
254
254
254
254
254
254
254
254
254
254
254
254
254
254
254
254
254
254
253
253
248
239
219
188
162
144
129
117
104
90
83
82
106
157
183
186
184
175
173
179
174
159
154
160
167
173
181
191
197
198
199
200
191
170
178
213
236
248
254
254
254
254
254
254
254
254
254
254
254
254
254
254
254
254
254
254
254
254
254
254
254
254
254
254
254
254
254
254
254
254
254
254
254
254
254
254
254
254
254
254
254
254
254
254
254
254
254
254
254
254
254
254
254
254
254
254
254
254
253
253
242
220
204
194
185
177
161
137
136
157
171
178
187
200
208
212
213
211
208
206
202
194
191
190
192
198
204
210
211
207
205
204
195
178
174
182
203
236
253
254
254
254
254
254
254
254
254
254
254
254
254
254
254
254
254
254
254
254
254
254
254
254
254
254
254
254
254
254
254
254
254
254
254
254
254
254
254
254
254
254
254
254
254
254
254
254
254
254
254
254
254
254
254
254
254
254
254
254
253
253
239
210
197
200
196
187
175
161
169
200
220
228
230
224
224
228
230
231
228
222
218
217
215
212
212
215
219
221
220
215
212
211
203
188
174
160
178
227
252
253
254
254
254
254
254
254
254
254
254
254
254
254
254
254
254
254
254
254
254
254
254
254
254
254
254
254
254
254
254
254
254
254
254
254
254
254
254
254
254
254
254
254
254
254
254
254
254
254
254
254
254
254
254
254
254
254
254
254
254
253
238
210
198
205
196
174
171
187
202
218
228
233
233
231
231
233
235
235
232
226
224
227
228
226
225
226
225
225
223
221
220
219
212
201
179
146
160
220
251
253
254
254
254
254
254
254
254
254
254
254
254
254
254
254
254
254
254
254
254
254
254
254
254
254
254
254
254
254
254
254
254
254
254
254
254
254
254
254
254
254
254
254
254
254
254
254
254
254
254
254
254
254
254
254
254
254
254
254
253
252
237
207
194
198
193
178
183
207
222
228
232
234
234
234
234
236
237
237
235
230
230
234
235
233
231
230
228
226
224
222
221
221
217
209
185
146
147
187
219
242
254
254
254
254
254
254
254
254
254
254
254
254
254
254
254
254
254
254
254
254
254
254
254
254
254
254
254
254
254
254
254
254
254
254
254
254
254
254
254
254
254
254
254
254
254
254
254
254
254
254
254
254
254
254
254
253
254
254
253
250
233
203
185
180
185
200
212
221
227
229
231
231
232
232
234
236
237
237
236
235
235
236
235
232
230
228
227
226
223
219
217
219
218
212
192
158
137
129
157
220
253
254
254
254
254
254
254
254
254
254
254
254
254
254
254
254
254
254
254
254
254
254
254
254
254
254
254
254
254
254
254
254
254
254
254
254
254
254
254
254
254
254
254
254
254
254
254
254
254
254
254
254
254
254
254
254
254
254
247
232
212
186
173
173
186
212
225
227
228
229
229
230
230
231
233
236
237
237
237
237
237
237
235
231
229
227
226
225
221
214
213
217
216
212
198
175
146
110
131
208
249
252
254
254
254
254
254
254
254
254
254
254
254
254
254
254
254
254
254
254
254
254
254
254
254
254
254
254
254
254
254
254
254
254
254
254
254
254
254
254
254
254
254
254
254
254
254
254
254
254
254
254
254
254
254
254
254
254
235
199
173
158
159
177
195
212
222
225
227
227
228
229
229
230
232
234
236
237
237
236
237
237
235
231
228
228
226
223
217
209
208
213
213
208
202
195
172
131
143
206
242
250
254
254
254
254
254
254
254
254
254
254
254
254
254
254
254
254
254
254
254
254
254
254
254
254
254
254
254
254
254
254
254
254
254
254
254
254
254
254
254
254
254
254
254
254
254
254
254
254
254
254
254
254
254
254
247
233
203
157
139
150
165
186
201
210
217
223
225
225
225
225
226
228
230
232
234
235
235
236
236
237
235
230
228
228
225
219
213
208
207
211
211
206
203
203
182
142
141
180
213
238
252
253
254
254
254
254
254
254
254
254
254
254
254
254
254
254
254
254
254
254
254
254
254
254
254
254
254
254
254
254
254
254
254
254
254
254
254
254
254
254
254
254
254
254
254
254
254
254
254
254
254
254
254
254
232
191
149
106
110
161
191
200
205
206
211
219
223
221
219
219
221
225
228
229
230
232
233
234
235
235
233
230
228
228
223
213
209
211
212
212
209
204
200
198
178
140
125
130
161
218
248
252
254
254
254
254
254
254
254
254
254
254
254
254
254
254
254
254
254
254
254
254
254
254
254
254
254
254
254
254
254
254
254
254
254
254
254
254
254
254
254
254
254
254
254
254
254
254
254
254
254
254
253
253
219
151
103
74
92
157
191
196
198
197
202
212
217
217
216
215
217
222
226
227
228
230
231
233
233
232
230
227
225
224
220
210
207
210
212
211
207
200
195
192
173
140
120
113
143
212
248
252
254
254
254
254
254
254
254
254
254
254
254
254
254
254
254
254
254
254
254
254
254
254
254
254
254
254
254
254
254
254
254
254
254
254
254
254
254
254
254
254
254
254
254
254
254
254
254
254
254
254
253
252
206
114
66
62
85
135
165
172
179
185
192
201
209
214
216
213
214
219
224
227
230
230
231
230
229
228
225
220
217
218
216
211
207
205
206
210
205
193
186
185
170
141
127
127
158
220
252
253
254
254
254
254
254
254
254
254
254
254
254
254
254
254
254
254
254
254
254
254
254
254
254
254
254
254
254
254
254
254
254
254
254
254
254
254
254
254
254
254
254
254
254
254
254
254
254
254
254
254
250
244
192
95
47
48
72
120
146
151
159
170
182
193
202
209
213
212
214
219
224
228
230
231
230
228
227
225
222
217
215
217
217
213
209
205
204
208
202
186
178
176
165
145
140
150
180
229
254
254
254
254
254
254
254
254
254
254
254
254
254
254
254
254
254
254
254
254
254
254
254
254
254
254
254
254
254
254
254
254
254
254
254
254
254
254
254
254
254
254
254
254
254
254
254
254
254
254
254
254
245
228
177
94
46
34
55
109
135
132
139
154
171
188
199
203
207
210
215
223
227
229
230
231
230
228
226
222
220
218
218
221
221
217
213
209
207
205
196
180
169
164
158
151
159
183
209
239
254
254
254
254
254
254
254
254
254
254
254
254
254
254
254
254
254
254
254
254
254
254
254
254
254
254
254
254
254
254
254
254
254
254
254
254
254
254
254
254
254
254
254
254
254
254
254
254
254
254
254
254
240
213
160
82
38
29
50
102
125
118
125
146
166
186
197
201
206
212
219
226
230
231
232
232
231
229
227
224
223
222
223
226
225
220
216
213
210
205
195
178
168
164
157
147
158
190
218
242
254
254
254
254
254
254
254
254
254
254
254
254
254
254
254
254
254
254
254
254
254
254
254
254
254
254
254
254
254
254
254
254
254
254
254
254
254
254
254
254
254
254
254
254
254
254
254
254
254
254
254
254
235
198
139
59
23
33
58
99
115
107
117
145
168
186
197
203
209
217
223
227
231
234
236
236
234
231
230
230
230
230
231
232
229
223
219
217
213
208
198
182
174
175
161
133
136
172
206
238
254
254
254
254
254
254
254
254
254
254
254
254
254
254
254
254
254
254
254
254
254
254
254
254
254
254
254
254
254
254
254
254
254
254
254
254
254
254
254
254
254
254
254
254
254
254
254
254
254
254
254
254
237
203
141
52
20
44
69
94
106
105
120
151
174
189
200
208
216
222
227
230
232
235
236
236
234
231
230
232
233
233
233
234
231
225
220
217
214
210
201
186
178
176
158
123
124
159
195
234
254
254
254
254
254
254
254
254
254
254
254
254
254
254
254
254
254
254
254
254
254
254
254
254
254
254
254
254
254
254
254
254
254
254
254
254
254
254
254
254
254
254
254
254
254
254
254
254
254
254
254
254
245
227
166
63
28
61
81
88
98
112
134
163
183
195
207
218
224
227
229
232
233
232
233
234
232
227
227
230
231
231
231
232
230
224
218
214
212
212
204
190
178
167
147
119
120
149
186
231
254
254
254
254
254
254
254
254
254
254
254
254
254
254
254
254
254
254
254
254
254
254
254
254
254
254
254
254
254
254
254
254
254
254
254
254
254
254
254
254
254
254
254
254
254
254
254
254
254
254
254
254
250
243
187
85
48
75
89
89
100
123
144
165
183
198
209
215
218
219
221
223
224
225
226
227
226
225
225
226
225
222
221
221
216
206
198
192
194
205
205
194
182
169
149
122
121
147
183
230
254
254
254
254
254
254
254
254
254
254
254
254
254
254
254
254
254
254
254
254
254
254
254
254
254
254
254
254
254
254
254
254
254
254
254
254
254
254
254
254
254
254
254
254
254
254
254
254
254
254
254
254
252
249
205
120
80
85
91
97
112
136
151
158
173
198
207
200
197
200
202
202
205
212
215
214
217
223
224
220
215
207
202
200
190
172
160
151
161
190
202
197
191
184
164
133
128
152
186
231
254
254
254
254
254
254
254
254
254
254
254
254
254
254
254
254
254
254
254
254
254
254
254
254
254
254
254
254
254
254
254
254
254
254
254
254
254
254
254
254
254
254
254
254
254
254
254
254
254
254
254
254
254
253
223
165
122
96
90
106
124
145
158
163
173
189
188
170
161
160
159
160
166
175
180
182
189
200
202
195
189
185
176
160
144
125
117
119
134
163
181
188
192
193
177
146
140
160
191
232
253
253
254
254
254
254
254
254
254
254
254
254
254
254
254
254
254
254
254
254
254
254
254
254
254
254
254
254
254
254
254
254
254
254
254
254
254
254
254
254
254
254
254
254
254
254
254
254
254
254
254
254
254
254
242
219
174
107
87
115
136
151
166
181
182
170
151
127
109
97
93
98
105
113
121
130
142
157
160
150
149
156
140
102
76
63
70
96
114
123
141
168
186
196
188
162
157
173
198
233
251
253
254
254
254
254
254
254
254
254
254
254
254
254
254
254
254
254
254
254
254
254
254
254
254
254
254
254
254
254
254
254
254
254
254
254
254
254
254
254
254
254
254
254
254
254
254
254
254
254
254
254
254
254
252
248
205
122
97
131
152
161
173
187
178
146
119
98
83
76
75
81
86
89
99
114
130
149
156
152
147
141
114
66
38
29
39
66
82
87
107
141
170
191
193
173
169
180
202
234
252
253
254
254
254
254
254
254
254
254
254
254
254
254
254
254
254
254
254
254
254
254
254
254
254
254
254
254
254
254
254
254
254
254
254
254
254
254
254
254
254
254
254
254
254
254
254
254
254
254
254
254
254
254
253
251
214
140
120
153
172
175
179
182
161
117
91
82
83
96
104
107
108
105
113
132
152
175
190
198
182
140
97
53
28
23
24
31
41
54
77
110
144
179
191
180
177
182
202
236
253
254
254
254
254
254
254
254
254
254
254
254
254
254
254
254
254
254
254
254
254
254
254
254
254
254
254
254
254
254
254
254
254
254
254
254
254
254
254
254
254
254
254
254
254
254
254
254
254
254
254
254
254
254
254
253
221
157
140
170
184
180
175
170
143
94
76
87
102
123
137
145
145
137
140
153
171
194
211
223
201
145
103
75
62
65
65
62
66
77
95
118
144
172
185
183
181
180
198
235
254
254
254
254
254
254
254
254
254
254
254
254
254
254
254
254
254
254
254
254
254
254
254
254
254
254
254
254
254
254
254
254
254
254
254
254
254
254
254
254
254
254
254
254
254
254
254
254
254
254
254
254
254
254
254
254
226
171
156
182
188
175
163
151
122
77
74
113
140
157
175
193
197
185
179
177
186
206
219
225
204
157
133
132
139
155
162
161
160
158
160
166
169
170
175
183
182
174
191
233
254
254
254
254
254
254
254
254
254
254
254
254
254
254
254
254
254
254
254
254
254
254
254
254
254
254
254
254
254
254
254
254
254
254
254
254
254
254
254
254
254
254
254
254
254
254
254
254
254
254
254
254
254
254
254
254
228
177
163
188
194
180
165
148
124
92
97
138
164
174
184
193
200
203
202
199
203
216
224
227
212
178
166
176
189
206
213
208
202
194
183
170
164
166
171
181
184
181
198
235
254
254
254
254
254
254
254
254
254
254
254
254
254
254
254
254
254
254
254
254
254
254
254
254
254
254
254
254
254
254
254
254
254
254
254
254
254
254
254
254
254
254
254
254
254
254
254
254
254
254
254
254
254
254
254
254
227
173
161
190
201
195
182
161
147
138
143
163
172
172
163
146
155
189
210
217
221
224
226
229
223
208
203
207
212
219
216
203
192
185
165
131
129
159
175
179
187
200
219
242
254
254
254
254
254
254
254
254
254
254
254
254
254
254
254
254
254
254
254
254
254
254
254
254
254
254
254
254
254
254
254
254
254
254
254
254
254
254
254
254
254
254
254
254
254
254
254
254
254
254
254
254
254
254
254
254
230
184
167
180
188
192
186
170
163
166
171
178
183
184
173
148
156
194
216
222
225
226
227
229
227
221
210
194
195
214
217
205
196
190
170
136
134
162
178
180
191
209
227
245
254
254
254
254
254
254
254
254
254
254
254
254
254
254
254
254
254
254
254
254
254
254
254
254
254
254
254
254
254
254
254
254
254
254
254
254
254
254
254
254
254
254
254
254
254
254
254
254
254
254
254
254
254
254
254
254
238
208
181
158
155
172
178
173
172
175
179
185
195
209
211
200
202
218
221
213
214
222
226
227
224
217
188
137
138
189
215
215
212
207
199
187
180
176
178
185
194
206
222
243
254
254
254
254
254
254
254
254
254
254
254
254
254
254
254
254
254
254
254
254
254
254
254
254
254
254
254
254
254
254
254
254
254
254
254
254
254
254
254
254
254
254
254
254
254
254
254
254
254
254
254
254
254
254
254
254
244
223
192
150
139
158
168
170
175
181
187
193
204
220
226
224
217
207
202
204
209
218
223
226
224
217
188
136
125
154
181
204
215
212
209
206
196
178
175
185
196
207
223
244
254
254
254
254
254
254
254
254
254
254
254
254
254
254
254
254
254
254
254
254
254
254
254
254
254
254
254
254
254
254
254
254
254
254
254
254
254
254
254
254
254
254
254
254
254
254
254
254
254
254
254
254
254
254
254
254
246
231
201
156
139
151
158
161
170
186
197
204
210
216
219
219
200
161
159
193
211
213
218
224
225
220
209
191
158
109
114
173
202
204
200
193
182
168
168
180
195
212
229
246
254
254
254
254
254
254
254
254
254
254
254
254
254
254
254
254
254
254
254
254
254
254
254
254
254
254
254
254
254
254
254
254
254
254
254
254
254
254
254
254
254
254
254
254
254
254
254
254
254
254
254
254
254
254
254
254
249
238
212
170
151
154
155
154
162
180
192
199
204
209
203
188
164
133
138
180
204
209
215
221
223
218
210
196
159
97
91
141
172
185
186
176
166
157
160
177
196
218
235
248
254
254
254
254
254
254
254
254
254
254
254
254
254
254
254
254
254
254
254
254
254
254
254
254
254
254
254
254
254
254
254
254
254
254
254
254
254
254
254
254
254
254
254
254
254
254
254
254
254
254
254
254
254
254
254
254
251
246
227
195
175
167
159
150
152
164
173
178
187
199
181
130
110
120
139
167
188
204
214
217
216
211
190
152
128
118
112
109
124
156
166
155
148
144
154
175
200
226
243
250
254
254
254
254
254
254
254
254
254
254
254
254
254
254
254
254
254
254
254
254
254
254
254
254
254
254
254
254
254
254
254
254
254
254
254
254
254
254
254
254
254
254
254
254
254
254
254
254
254
254
254
254
254
254
254
254
253
251
235
206
184
171
160
151
149
153
159
166
171
172
151
106
98
125
136
132
144
171
185
186
185
182
163
127
120
140
134
102
101
132
145
139
137
139
154
181
207
234
249
252
254
254
254
254
254
254
254
254
254
254
254
254
254
254
254
254
254
254
254
254
254
254
254
254
254
254
254
254
254
254
254
254
254
254
254
254
254
254
254
254
254
254
254
254
254
254
254
254
254
254
254
254
254
254
254
254
253
252
236
203
180
166
159
159
155
146
149
162
155
128
114
115
126
147
130
77
69
108
128
129
131
132
129
123
135
164
158
118
104
115
122
127
134
142
162
193
219
241
252
253
254
254
254
254
254
254
254
254
254
254
254
254
254
254
254
254
254
254
254
254
254
254
254
254
254
254
254
254
254
254
254
254
254
254
254
254
254
254
254
254
254
254
254
254
254
254
254
254
254
254
254
254
254
254
254
254
254
253
240
215
191
168
158
162
155
138
138
154
144
108
101
122
143
164
144
81
57
73
82
83
89
100
115
135
159
185
177
135
109
99
102
117
131
143
167
202
228
245
254
254
254
254
254
254
254
254
254
254
254
254
254
254
254
254
254
254
254
254
254
254
254
254
254
254
254
254
254
254
254
254
254
254
254
254
254
254
254
254
254
254
254
254
254
254
254
254
254
254
254
254
254
254
254
254
254
254
254
254
249
241
217
177
159
161
151
130
126
141
137
114
110
126
149
179
177
144
107
66
46
47
61
86
121
164
191
203
190
152
118
87
84
109
128
142
169
209
235
247
253
253
254
254
254
254
254
254
254
254
254
254
254
254
254
254
254
254
254
254
254
254
254
254
254
254
254
254
254
254
254
254
254
254
254
254
254
254
254
254
254
254
254
254
254
254
254
254
254
254
254
254
254
254
254
254
254
254
254
254
253
252
229
184
162
162
152
132
122
121
120
118
122
133
153
184
193
179
144
87
53
42
54
90
128
168
189
192
181
155
125
91
87
113
132
143
170
214
240
247
252
253
253
253
254
254
254
254
254
254
254
254
254
254
254
254
254
254
254
254
254
254
254
254
254
254
254
254
254
254
254
254
254
254
254
254
254
254
254
254
254
254
254
254
254
254
254
254
254
254
254
254
254
254
254
254
254
254
254
254
251
247
226
189
169
165
157
146
125
96
94
119
135
142
158
181
191
185
168
137
104
67
69
110
137
148
154
153
149
143
131
113
113
131
141
144
170
218
244
248
250
252
253
253
254
254
254
254
254
254
254
254
254
254
254
254
254
254
254
254
254
254
254
254
254
254
254
254
254
254
254
254
254
254
254
254
254
254
254
254
254
254
254
254
254
254
254
254
254
254
254
254
254
254
254
254
254
254
253
253
251
246
226
192
172
166
161
157
134
93
87
117
133
134
138
143
146
147
141
130
106
67
65
98
117
122
119
106
110
129
135
128
131
145
151
150
173
219
244
247
249
251
252
252
253
254
254
254
254
254
254
254
254
254
254
254
254
254
254
254
254
254
254
254
254
254
254
254
254
254
254
254
254
254
254
254
254
254
254
254
254
254
254
254
254
254
254
254
254
254
254
254
254
254
254
254
254
254
253
252
250
247
228
193
172
163
161
165
149
113
101
113
116
109
94
70
60
63
65
66
59
43
41
53
69
90
85
53
62
113
138
137
143
155
161
160
179
219
241
245
248
250
251
251
252
253
254
254
254
254
254
254
254
254
254
254
254
254
254
254
254
254
254
254
254
254
254
254
254
254
254
254
254
254
254
254
254
254
254
254
254
254
254
254
254
254
254
254
254
254
254
254
254
254
253
253
253
253
251
250
247
244
227
198
177
164
161
166
155
128
116
118
108
87
60
27
20
38
47
47
50
56
57
52
61
83
72
27
37
101
135
139
145
154
162
171
191
222
240
245
248
249
250
251
252
252
253
253
253
253
253
254
254
254
254
254
254
254
254
254
254
254
254
254
254
254
254
254
254
254
254
254
254
254
254
254
254
254
254
254
254
254
254
254
254
254
254
254
254
254
254
254
254
254
253
252
251
251
250
248
243
236
223
206
188
168
159
159
152
138
131
131
110
68
36
15
28
74
88
72
78
106
112
95
92
101
80
30
34
92
126
133
138
141
156
182
206
229
242
246
248
249
251
252
252
251
251
251
252
253
254
254
254
253
253
254
254
254
254
254
254
254
254
254
254
254
254
254
254
254
254
254
254
254
254
254
254
254
254
254
254
254
254
254
254
254
254
254
254
254
254
254
253
254
253
251
250
249
248
247
242
234
225
216
198
174
159
154
149
145
143
142
124
87
52
19
26
74
88
66
70
99
105
89
82
86
67
25
36
100
135
141
141
135
152
190
218
235
244
247
248
249
250
251
251
250
249
250
252
253
254
254
254
253
253
253
254
254
254
254
254
254
254
254
254
254
254
254
254
254
254
254
254
254
254
254
254
254
254
254
254
254
254
254
254
254
254
254
254
254
254
254
253
253
252
251
249
247
246
247
244
239
232
226
208
180
161
151
147
148
150
152
150
145
108
38
15
41
46
30
27
36
38
32
32
38
32
13
43
123
163
162
153
136
151
196
225
238
246
247
248
249
249
250
250
249
249
250
251
253
253
253
253
253
253
253
254
254
254
254
254
254
254
254
254
254
254
254
254
254
254
254
254
254
254
254
254
254
254
254
254
254
254
254
254
254
254
254
254
254
253
253
252
252
251
250
249
247
247
247
246
242
238
234
220
194
171
152
141
140
145
156
165
172
141
70
45
65
64
41
25
16
12
15
28
53
60
50
78
146
177
173
162
144
158
204
231
241
246
247
248
248
249
249
249
249
250
251
251
252
252
252
252
253
253
253
254
254
254
254
254
254
254
254
254
254
254
254
254
254
254
254
254
254
254
254
254
254
254
254
254
254
254
254
254
254
254
254
254
253
253
252
252
252
251
250
249
249
249
249
247
244
242
242
233
215
190
156
133
121
129
156
169
168
150
115
114
147
141
97
63
38
29
36
70
130
152
136
141
167
178
174
167
157
173
214
237
242
245
247
248
248
248
249
249
250
250
251
251
250
250
251
251
252
253
253
254
254
254
254
254
254
254
254
254
254
254
254
254
254
254
254
254
254
254
254
254
254
254
254
254
254
254
254
254
254
254
254
254
253
252
251
251
252
252
250
250
250
250
250
248
246
244
244
239
227
198
152
123
112
125
161
177
173
164
150
156
182
177
139
107
81
70
75
106
164
187
177
174
177
179
180
168
145
158
207
235
241
245
247
248
248
249
249
249
250
251
251
251
250
250
250
251
252
253
253
254
254
254
254
254
254
254
254
254
254
254
254
254
254
254
254
254
254
254
254
254
254
254
254
254
254
254
254
254
254
254
254
253
253
252
251
251
252
252
251
250
250
250
249
249
247
245
243
238
231
198
140
112
113
133
171
189
186
182
176
172
170
169
166
159
145
135
130
136
153
165
173
176
176
180
189
164
106
112
183
225
239
247
247
248
249
250
249
250
251
251
251
251
251
251
251
251
252
252
253
254
254
254
254
254
254
254
254
254
254
254
254
254
254
254
254
254
254
254
254
254
254
254
254
254
254
254
254
254
254
254
254
253
252
251
251
252
253
253
252
251
251
250
250
249
249
247
244
240
236
195
118
90
110
138
173
188
182
179
177
173
169
173
186
189
184
177
169
163
159
161
169
173
172
178
191
164
98
90
140
186
227
246
243
244
248
250
250
250
251
252
251
251
251
251
251
251
252
252
253
254
254
254
254
254
254
254
254
254
254
254
254
254
254
254
254
254
254
254
254
254
254
254
254
254
254
254
254
254
254
254
254
253
252
251
252
253
253
253
253
252
252
251
251
251
249
248
247
245
242
190
87
58
104
140
166
173
161
155
154
162
177
189
197
200
198
195
192
187
181
174
167
164
166
173
186
169
121
92
80
117
204
244
235
235
243
248
250
251
252
252
251
251
252
252
251
251
252
252
253
254
254
254
254
254
254
254
254
254
254
254
254
254
254
254
254
254
254
254
254
254
254
254
254
254
254
254
254
254
254
254
254
253
252
251
252
253
253
253
253
252
252
252
252
251
248
247
248
247
245
187
71
36
83
119
144
157
158
158
156
160
170
176
176
178
181
185
188
184
173
166
163
165
172
177
178
169
149
117
73
100
198
233
204
193
202
207
206
214
232
243
248
251
252
252
251
251
252
252
253
254
254
254
254
254
254
254
254
254
254
254
254
254
254
254
254
254
254
254
254
254
254
254
254
254
254
254
254
254
254
254
253
253
253
252
253
253
253
253
252
252
252
252
253
250
245
244
246
246
245
187
71
24
47
74
107
140
174
188
183
169
149
133
124
124
134
146
159
155
135
136
158
177
193
190
167
165
182
167
120
134
209
214
149
119
126
125
117
139
192
226
242
250
251
251
251
252
252
253
253
254
254
254
254
254
254
254
254
254
254
254
254
254
254
254
254
254
254
254
254
254
254
254
254
254
254
254
254
254
254
254
253
253
253
253
253
253
253
253
252
252
252
250
246
237
221
222
239
247
246
198
100
50
47
56
76
115
171
198
194
178
150
129
114
111
119
130
145
145
130
137
165
184
196
185
149
154
199
201
161
166
216
205
133
98
99
92
75
94
148
188
211
221
217
219
228
237
247
252
253
254
254
254
254
254
254
254
254
254
254
254
254
254
254
254
254
254
254
254
254
254
254
254
254
254
254
254
254
254
254
254
253
253
253
253
252
252
253
253
253
253
253
246
234
210
176
180
224
248
250
220
157
112
83
63
52
81
150
187
191
187
174
161
148
140
137
138
146
153
159
170
184
189
184
162
123
136
200
220
196
196
220
207
156
128
123
107
80
78
102
128
157
164
149
155
180
207
236
251
253
254
254
254
254
254
254
254
254
254
254
254
254
254
254
254
254
254
254
254
254
254
254
254
254
254
254
254
254
254
254
254
253
253
253
253
252
252
253
252
252
245
232
218
204
177
136
144
200
234
247
235
200
167
135
99
58
63
114
149
168
179
182
178
169
159
150
146
147
155
169
180
186
177
153
136
127
152
210
231
216
212
220
209
179
162
156
141
118
111
118
133
156
160
145
151
178
205
235
251
253
254
254
254
254
254
254
254
254
254
254
254
254
254
254
254
254
254
254
254
254
254
254
254
254
254
254
254
254
254
254
254
253
253
253
253
253
253
252
251
249
228
190
166
158
136
102
111
165
207
237
245
231
217
203
162
95
61
62
83
126
155
173
180
175
168
158
151
148
151
160
167
170
149
104
108
162
202
228
235
221
214
214
210
202
198
199
196
190
191
198
204
210
210
205
208
220
232
245
252
253
254
254
254
254
254
254
254
254
254
254
254
254
254
254
254
254
254
254
254
254
254
254
254
254
254
254
254
254
254
254
254
253
253
253
252
249
240
226
218
216
201
172
158
159
147
122
127
162
194
223
240
243
243
239
205
141
89
49
47
83
115
140
156
163
160
146
136
132
135
144
143
133
111
76
101
185
230
238
238
228
220
214
213
217
221
225
228
231
235
240
242
239
238
238
239
243
247
250
253
253
254
254
254
254
254
254
254
254
254
254
254
254
254
254
254
254
254
254
254
254
254
254
254
254
254
254
254
254
254
254
254
253
253
253
249
241
216
174
154
154
163
179
194
208
208
195
190
191
197
206
220
239
246
244
227
197
146
74
38
41
56
83
109
132
133
112
101
101
107
119
108
73
61
72
116
195
236
240
240
237
230
218
216
225
231
234
237
241
244
246
247
245
245
245
245
247
249
251
252
253
254
254
254
254
254
254
254
254
254
254
254
254
254
254
254
254
254
254
254
254
254
254
254
254
254
254
254
254
254
254
254
253
253
252
247
236
210
169
150
152
168
197
220
236
241
236
226
211
203
202
209
226
237
243
241
230
189
116
63
30
24
43
66
90
93
73
64
66
72
82
71
39
42
81
134
203
238
241
242
242
236
224
223
232
238
241
244
247
249
250
250
249
249
249
249
249
250
252
252
253
254
254
254
254
254
254
254
254
254
254
254
254
254
254
254
254
254
254
254
254
254
254
254
254
254
254
254
254
254
254
254
254
252
251
245
236
224
210
205
210
218
228
237
245
247
243
235
223
214
209
206
206
217
237
245
240
217
177
122
51
18
22
28
37
37
29
25
25
28
32
32
29
53
106
157
207
235
241
244
244
240
234
233
237
241
244
247
249
250
250
250
250
250
250
250
251
252
252
253
253
254
254
254
254
254
254
254
254
254
254
254
254
254
254
254
254
254
254
254
254
254
254
254
254
254
254
254
254
254
254
254
254
252
250
246
240
236
235
237
242
244
245
246
249
249
248
242
233
225
219
206
187
192
222
232
223
215
206
167
97
54
39
33
34
33
30
26
20
14
10
14
26
65
131
182
216
236
242
245
244
243
242
241
241
243
247
249
249
250
250
250
251
251
251
251
252
252
252
253
253
254
254
254
254
254
254
254
254
254
254
254
254
254
254
254
254
254
254
254
254
254
254
254
254
254
254
254
254
254
254
254
253
252
252
250
248
246
245
245
248
249
248
248
249
249
250
248
242
236
231
208
169
165
195
201
181
183
205
200
168
133
96
80
83
82
78
67
49
32
16
16
31
79
159
209
230
242
244
245
244
245
246
245
243
244
248
249
249
249
250
250
250
251
251
252
252
252
252
252
253
254
254
254
254
254
254
254
254
254
254
254
254
254
254
254
254
254
254
254
254
254
254
254
254
254
254
254
254
254
254
254
253
253
252
252
252
251
250
250
251
252
251
250
249
250
252
251
247
243
238
215
173
166
194
199
180
185
213
222
212
189
154
137
140
140
135
123
102
81
59
53
62
102
173
217
233
241
243
244
245
244
240
239
243
246
249
250
249
249
249
250
250
250
251
252
252
252
251
251
253
254
254
254
254
254
254
254
254
254
254
254
254
254
254
254
254
254
254
254
254
254
254
254
254
254
254
254
254
254
254
254
254
253
252
251
251
250
250
251
253
253
252
251
251
251
252
251
248
244
241
226
197
194
218
226
220
221
230
233
230
222
210
205
207
206
201
192
180
162
139
125
120
136
174
204
224
236
238
242
247
241
223
222
239
248
249
250
249
248
249
249
249
250
251
251
250
250
251
252
253
254
254
254
254
254
254
254
254
254
254
254
254
254
254
254
254
254
254
254
254
254
254
254
254
254
254
254
254
254
254
254
254
253
252
251
250
250
251
252
253
253
252
252
251
251
252
251
248
245
242
231
214
214
231
239
238
237
236
236
235
235
235
236
237
234
230
223
213
198
178
163
154
161
183
203
221
231
233
230
221
215
213
220
239
249
250
250
249
248
249
249
249
250
251
251
249
249
250
252
253
254
254
254
254
254
254
254
254
254
254
254
254
254
254
254
254
254
254
254
254
254
254
254
254
254
254
254
254
254
254
254
254
253
252
251
251
251
251
252
253
253
252
251
250
249
250
250
249
246
239
232
224
224
234
238
236
234
233
231
228
227
228
229
229
226
221
213
202
190
176
168
165
175
198
214
224
229
227
206
166
166
207
233
243
249
250
250
249
249
249
250
250
251
251
250
248
248
250
252
253
254
254
254
254
254
254
254
254
254
254
254
254
254
254
254
254
254
254
254
254
254
254
254
254
254
254
254
254
254
254
254
254
253
252
251
251
251
251
251
252
252
251
250
249
248
247
246
245
240
232
226
221
220
223
223
220
215
208
201
194
192
195
193
187
184
184
186
190
187
178
164
143
148
177
193
195
198
201
186
153
162
214
242
247
250
250
250
249
249
250
250
251
250
250
249
248
249
250
252
253
254
254
254
254
254
254
254
254
254
254
254
254
254
254
254
254
254
254
254
254
254
254
254
254
254
254
254
254
254
254
254
254
253
251
250
250
250
251
251
252
252
251
250
248
246
245
241
234
228
221
214
207
202
199
196
191
180
162
147
134
130
135
129
112
109
120
142
175
189
184
151
91
80
120
138
133
138
154
169
184
205
232
247
249
250
249
248
249
249
250
251
250
249
248
248
249
250
251
252
253
254
254
254
254
254
254
254
254
254
254
254
254
254
254
254
254
254
254
254
254
254
254
254
254
254
254
254
254
254
254
254
254
253
251
250
250
250
251
251
253
253
251
249
246
242
238
232
224
214
202
188
172
159
150
142
137
125
107
91
78
74
79
73
56
53
67
91
126
143
141
109
49
35
69
83
76
95
140
178
210
231
243
250
250
249
248
248
249
250
251
250
249
248
247
247
249
250
251
252
253
254
254
254
254
254
254
254
254
254
254
254
254
254
254
254
254
254
254
254
254
254
254
254
254
254
254
254
254
254
254
254
253
252
251
250
250
250
250
251
253
253
251
247
242
236
228
221
213
197
174
147
117
93
74
63
60
53
42
34
29
26
27
25
19
19
23
31
43
49
49
38
18
13
24
28
25
70
161
215
232
243
248
250
249
248
248
249
250
251
251
249
246
245
246
247
249
250
251
252
253
254
254
254
254
254
254
254
254
254
254
254
254
254
254
254
254
254
254
254
254
254
254
254
254
254
254
254
254
254
254
254
253
252
252
250
250
250
250
251
253
252
250
244
235
228
224
219
214
191
150
114
81
63
62
63
66
66
63
60
59
57
56
57
58
59
59
58
59
59
61
61
59
57
56
42
15
58
174
236
244
249
250
250
249
248
249
250
251
251
250
248
244
244
246
248
249
250
251
251
253
254
254
254
254
254
254
254
254
254
254
254
254
254
254
254
254
254
254
254
254
254
254
254
254
254
254
254
254
254
254
254
254
253
253
251
250
250
250
251
253
252
249
240
224
219
224
227
227
195
132
88
63
71
113
141
156
165
170
171
169
167
166
167
172
174
173
173
174
175
178
177
171
168
168
127
44
62
181
242
247
249
248
248
249
249
250
251
251
249
247
245
243
243
247
249
250
251
250
251
253
254
254
254
254
254
254
254
254
254
254
254
254
254
254
254
254
254
254
254
254
254
254
254
254
254
254
254
254
254
254
254
253
253
253
252
250
249
250
251
252
244
227
217
215
217
225
230
232
204
147
110
95
110
158
189
204
215
222
225
224
223
222
223
228
230
228
228
228
229
231
230
224
222
222
176
86
92
194
246
249
249
248
248
249
250
251
251
250
248
246
244
242
244
248
250
250
250
250
251
253
254
254
254
254
254
254
254
254
254
254
254
254
254
254
254
254
254
254
254
254
254
254
254
254
254
254
254
254
254
254
253
252
252
253
252
249
249
250
251
252
230
184
176
205
222
228
230
229
217
193
180
176
181
196
206
213
218
221
223
223
224
223
224
227
227
225
222
220
220
220
220
218
218
218
192
140
148
214
248
249
249
248
248
250
251
251
250
249
248
247
245
243
244
248
250
249
249
250
251
253
254
254
254
254
254
254
254
254
254
254
254
254
254
254
254
254
254
254
254
254
254
254
254
254
254
254
254
254
254
254
253
252
251
253
252
249
249
250
248
242
214
163
158
197
220
224
225
222
216
208
203
201
200
200
200
200
197
193
194
201
203
201
198
194
192
192
190
185
181
178
183
197
199
189
182
177
194
231
249
249
249
249
249
251
251
250
249
249
233
202
200
230
246
249
249
248
248
250
251
253
254
254
254
254
254
254
254
254
254
254
254
254
254
254
254
254
254
254
254
254
254
254
254
254
254
254
254
254
254
254
253
252
252
253
252
249
249
250
241
222
196
164
162
191
209
215
215
211
203
191
180
169
166
170
170
165
155
139
140
156
161
156
145
129
125
131
130
122
113
103
119
161
166
134
145
197
230
244
250
248
248
250
251
250
249
249
249
251
205
111
110
201
248
249
249
248
248
250
251
253
254
254
254
254
254
254
254
254
254
254
254
254
254
254
254
254
254
254
254
254
254
254
254
254
254
254
254
254
254
254
253
252
252
253
253
250
249
251
240
216
192
168
169
194
209
214
213
207
196
181
166
154
149
154
153
148
137
121
120
136
141
134
123
107
103
110
110
103
94
84
100
141
146
115
137
212
250
251
250
248
249
251
252
250
249
249
250
252
199
91
89
194
247
249
250
249
249
250
252
253
254
254
254
254
254
254
254
254
254
254
254
254
254
254
254
254
254
254
254
254
254
254
254
254
254
254
254
254
254
254
253
252
252
253
253
251
250
252
243
225
202
175
177
207
222
221
217
210
196
176
162
154
150
151
150
148
144
138
137
141
141
138
134
128
126
129
130
127
124
120
125
139
141
131
157
220
252
252
251
251
251
251
251
251
251
251
252
252
215
142
139
208
244
249
251
251
251
251
252
253
254
254
254
254
254
254
254
254
254
254
254
254
254
254
254
254
254
254
254
254
254
254
254
254
254
254
254
254
254
254
253
252
252
253
253
251
251
252
245
229
207
179
181
213
228
225
220
211
196
174
160
154
150
149
149
148
147
146
145
144
142
140
139
138
138
139
139
139
139
138
138
138
138
139
167
224
253
252
252
253
252
251
251
251
251
252
252
251
223
167
164
215
243
249
252
252
252
252
252
253
254
254
254
254
254
254
254
254
254
254
254
254
254
254
254
